FN0 = 50;
cylinder(h = 0.4, r1 = 0.06256, r2 = 0.06256, center = true,$fn=FN0);
    